[gd_scene load_steps=5 format=2]

[ext_resource path="res://Assets/Scenes/Player.gd" type="Script" id=1]

[sub_resource type="PhysicsMaterial" id=3]
friction = 4.0
rough = true

[sub_resource type="BoxShape" id=1]

[sub_resource type="CubeMesh" id=2]

[node name="Player" type="RigidBody"]
mass = 100.0
physics_material_override = SubResource( 3 )
angular_damp = 1.0
script = ExtResource( 1 )

[node name="CollisionShape" type="CollisionShape" parent="."]
transform = Transform( 0.707107, -0.707107, 0, 0.5, 0.5, -0.707107, 0.5, 0.5, 0.707107, 0, 0, 0 )
shape = SubResource( 1 )

[node name="MeshInstance" type="MeshInstance" parent="."]
transform = Transform( 0.707107, -0.707107, 0, 0.5, 0.5, -0.707107, 0.5, 0.5, 0.707107, 0, 0, 0 )
mesh = SubResource( 2 )
material/0 = null

[node name="CameraRig" type="Position3D" parent="."]

[node name="Camera" type="Camera" parent="CameraRig"]
transform = Transform( 1, 0, 0, 0, 0.866025, 0.5, 0, -0.5, 0.866025, 0, 2.85, 3.5 )
current = true

[node name="FloorCheck" type="RayCast" parent="."]
enabled = true
cast_to = Vector3( 0, -1.5, 0 )
